35 9(0,4) 10(0,3) 11(0,3) 12(0,3) 13(0,3) 
36 4(0,3) 5(0,3) 6(0,3) 7(0,3) 8(0,3) 9(1,3) 10(0,4) 11(0,3) 12(0,3) 13(0,3) 
37 4(0,3) 5(0,3) 6(0,3) 7(0,3) 8(0,3) 9(1,3) 10(1,3) 11(0,4) 12(0,3) 13(0,3) 
38 4(0,3) 5(0,3) 6(0,3) 7(0,3) 8(0,3) 9(1,3) 10(1,3) 11(1,3) 12(0,4) 13(0,3) 
39 4(0,3) 5(0,3) 6(0,3) 7(0,3) 8(0,3) 9(1,3) 10(1,3) 11(1,3) 12(1,3) 13(0,4) 
40 9(1,4) 10(1,3) 11(1,3) 12(1,3) 13(1,3) 
41 9(1,4) 10(1,3) 11(1,3) 12(1,3) 13(1,3) 
42 9(1,4) 10(1,3) 11(1,3) 12(1,3) 13(1,3) 
43 9(2,3) 10(1,4) 11(1,3) 12(1,3) 13(1,3) 
44 9(2,3) 10(1,4) 11(1,3) 12(1,3) 13(1,3) 
45 9(2,3) 10(1,4) 11(1,3) 12(1,3) 13(1,3) 
46 9(2,3) 10(2,3) 11(1,4) 12(1,3) 13(1,3) 
47 9(2,3) 10(2,3) 11(1,4) 12(1,3) 13(1,3) 
48 9(2,3) 10(2,3) 11(1,4) 12(1,3) 13(1,3) 
49 9(2,3) 10(2,3) 11(2,3) 12(1,4) 13(1,3) 
50 9(2,3) 10(2,3) 11(2,3) 12(1,4) 13(1,3) 
51 9(2,3) 10(2,3) 11(2,3) 12(1,4) 13(1,3) 
52 9(2,3) 10(2,3) 11(2,3) 12(2,3) 13(1,4) 
53 9(2,3) 10(2,3) 11(2,3) 12(2,3) 13(1,4) 
54 9(2,3) 10(2,3) 11(2,3) 12(2,3) 13(1,4) 
55 9(2,4) 10(2,3) 11(2,3) 12(2,3) 13(2,3) 
56 9(2,4) 10(2,3) 11(2,3) 12(2,3) 13(2,3) 
57 9(2,4) 10(2,3) 11(2,3) 12(2,3) 13(2,3) 
58 9(2,4) 10(2,3) 11(2,3) 12(2,3) 13(2,3) 
59 9(2,4) 10(2,3) 11(2,3) 12(2,3) 13(2,3) 
60 9(2,4) 10(2,3) 11(2,3) 12(2,3) 13(2,3) 
61 9(2,4) 10(2,3) 11(2,3) 12(2,3) 13(2,3) 
62 9(2,4) 10(2,3) 11(2,3) 12(2,3) 13(2,3) 
63 9(2,4) 10(2,3) 11(2,3) 12(2,3) 13(2,3) 
64 9(3,3) 10(2,4) 11(2,3) 12(2,3) 13(2,3) 
65 9(3,3) 10(2,4) 11(2,3) 12(2,3) 13(2,3) 
66 9(3,3) 10(2,4) 11(2,3) 12(2,3) 13(2,3) 
67 9(3,3) 10(2,4) 11(2,3) 12(2,3) 13(2,3) 
68 9(3,3) 10(2,4) 11(2,3) 12(2,3) 13(2,3) 
69 9(3,3) 10(2,4) 11(2,3) 12(2,3) 13(2,3) 
70 9(3,3) 10(2,4) 11(2,3) 12(2,3) 13(2,3) 
71 9(3,3) 10(2,4) 11(2,3) 12(2,3) 13(2,3) 
72 9(3,3) 10(2,4) 11(2,3) 12(2,3) 13(2,3) 
73 9(3,3) 10(3,3) 11(2,4) 12(2,3) 13(2,3) 
74 9(3,3) 10(3,3) 11(2,4) 12(2,3) 13(2,3) 
75 9(3,3) 10(3,3) 11(2,4) 12(2,3) 13(2,3) 
76 9(3,3) 10(3,3) 11(2,4) 12(2,3) 13(2,3) 
77 9(3,3) 10(3,3) 11(2,4) 12(2,3) 13(2,3) 
78 9(3,3) 10(3,3) 11(2,4) 12(2,3) 13(2,3) 
79 9(3,3) 10(3,3) 11(2,4) 12(2,3) 13(2,3) 
80 9(3,3) 10(3,3) 11(2,4) 12(2,3) 13(2,3) 
81 9(3,3) 10(3,3) 11(2,4) 12(2,3) 13(2,3) 
82 9(3,3) 10(3,3) 11(3,3) 12(1,4) 13(2,3) 
83 9(3,3) 10(3,3) 11(3,3) 12(1,4) 13(2,3) 
84 9(3,3) 10(3,3) 11(3,3) 12(1,4) 13(2,3) 
85 9(3,3) 10(3,3) 11(3,3) 12(2,3) 13(1,4) 
86 9(3,3) 10(3,3) 11(3,3) 12(2,3) 13(1,4) 
87 9(3,3) 10(3,3) 11(3,3) 12(2,3) 13(1,4) 
88 9(3,3) 10(3,3) 11(3,3) 12(2,4) 13(2,3) 
89 9(3,3) 10(3,3) 11(3,3) 12(2,4) 13(2,3) 
90 9(3,3) 10(3,3) 11(3,3) 12(2,4) 13(2,3) 
91 9(3,3) 10(3,3) 11(3,3) 12(2,4) 13(2,3) 
92 9(3,3) 10(3,3) 11(3,3) 12(2,4) 13(2,3) 
93 9(3,3) 10(3,3) 11(3,3) 12(2,4) 13(2,3) 
94 9(2,3) 10(3,3) 11(3,3) 12(2,4) 13(2,3) 
95 9(2,3) 10(3,3) 11(3,3) 12(2,4) 13(2,3) 
96 9(2,3) 10(3,3) 11(3,3) 12(2,4) 13(2,3) 
97 9(2,3) 10(3,3) 11(3,3) 12(3,3) 13(2,4) 
98 9(2,3) 10(3,3) 11(3,3) 12(3,3) 13(2,4) 
99 9(2,3) 10(3,3) 11(3,3) 12(3,3) 13(2,4) 
100 9(2,3) 10(3,3) 11(3,3) 12(3,3) 13(2,4) 
101 9(2,3) 10(3,3) 11(3,3) 12(3,3) 13(2,4) 
102 9(2,3) 10(3,3) 11(3,3) 12(3,3) 13(2,4) 
103 9(2,3) 10(2,3) 11(3,3) 12(3,3) 13(2,4) 
104 9(2,3) 10(2,3) 11(3,3) 12(3,3) 13(2,4) 
105 9(2,3) 10(2,3) 11(3,3) 12(3,3) 13(2,4) 
106 9(2,4) 10(2,3) 11(3,3) 12(3,3) 13(3,3) 
107 9(2,4) 10(2,3) 11(3,3) 12(3,3) 13(3,3) 
108 9(2,4) 10(2,3) 11(3,3) 12(3,3) 13(3,3) 
109 9(2,4) 10(2,3) 11(3,3) 12(3,3) 13(3,3) 
110 9(2,4) 10(2,3) 11(3,3) 12(3,3) 13(3,3) 
111 9(2,4) 10(2,3) 11(3,3) 12(3,3) 13(3,3) 
112 10(2,4) 11(2,3) 12(3,3) 13(3,3) 
113 10(2,4) 11(2,3) 12(3,3) 13(3,3) 
114 10(2,4) 11(2,3) 12(3,3) 13(3,3) 
115 10(2,4) 11(2,3) 12(3,3) 13(3,3) 
116 10(2,4) 11(2,3) 12(3,3) 13(3,3) 
117 11(2,4) 12(3,3) 13(3,3) 
118 11(2,4) 12(3,3) 13(3,3) 
119 11(2,4) 12(3,3) 13(3,3) 
120 11(2,4) 12(3,3) 13(3,3) 
121 11(2,4) 12(3,3) 13(3,3) 
122 11(2,4) 12(3,3) 13(3,3) 
123 12(3,4) 13(3,3) 
124 12(3,4) 13(3,3) 
125 12(3,4) 13(3,3) 
126 13(3,4) 
127 13(3,4) 
128 13(3,4) 